51
-1.09158e-18
-4.28266e-19
-3.58725e-19
-8.82118e-19
-1.12886e-18
-8.79733e-19
-1.69135e-18
-1.4892e-18
-1.632e-18
-4.87953e-19
-6.72613e-19
-3.86215e-19
-5.42967e-19
-3.03323e-18
-1.67421e-18
-5.30722e-19
-1.32365e-18
-1.14407e-18
-2.05162e-19
-3.03131e-19
-1.24235e-19
-4.99734e-20
-7.80208e-20
-5.70916e-20
-1.24372e-18
-1.53526e-18
-8.69737e-18
-2.07646e-19
-2.40463e-19
-7.3001e-19
-3.90244e-18
-3.7238e-18
-3.66486e-18
-2.08513e-18
-1.0165e-18
-4.2585e-19
-7.98693e-19
-7.45003e-19
-6.52015e-19
-8.58276e-19
-4.778e-19
-7.42781e-19
-1.16419e-18
-3.32079e-19
-2.77008e-19
-2.09166e-18
-1.81213e-18
-1.71389e-18
-1.0499e-18
-1.25365e-18
-2.07238e-18

