1.30E-019
1.31E-019
1.32E-019
1.33E-019
1.34E-019
1.35E-019
1.36E-019
1.37E-019
1.38E-019
1.39E-019
1.40E-019
1.41E-019
1.42E-019
1.43E-019
1.44E-019
1.45E-019
1.46E-019
1.47E-019
1.48E-019
1.49E-019
1.50E-019
1.51E-019
1.52E-019
1.53E-019
1.54E-019
1.55E-019
1.56E-019
1.57E-019
1.58E-019
1.59E-019
1.60E-019
1.61E-019
1.62E-019
1.63E-019
1.64E-019
1.65E-019
1.66E-019
1.67E-019
1.68E-019
1.69E-019
1.70E-019
1.71E-019
1.72E-019
1.73E-019
1.74E-019
1.75E-019
1.76E-019
1.77E-019
1.78E-019
1.79E-019
1.80E-019
1.81E-019
1.82E-019
1.83E-019
1.84E-019
1.85E-019
1.86E-019
1.87E-019
1.88E-019
1.89E-019
1.90E-019
1.91E-019
1.92E-019
1.93E-019

